camera_params:
  cx: 319.5
  cy: 239.5
  fx: 571.623718
  fy: 571.623718
  image_height: 480
  image_width: 640
  png_depth_scale: 1000.0
dataset_name: scannet
