camera_params:
  cx: 319.5
  cy: 239.5
  fx: 570.021362
  fy: 570.021362
  image_height: 480
  image_width: 640
  png_depth_scale: 1000.0
dataset_name: scannet
