camera_params:
  cx: 319.5
  cy: 239.5
  fx: 570.727112
  fy: 570.727173
  image_height: 480
  image_width: 640
  png_depth_scale: 1000.0
dataset_name: scannet
